א	 4.145889735305685	85.880751437861790	 9.973358826832524	
ב	43.831902005962512	54.822143346981875	 1.345954647055617	
ג	38.075256496092685	50.944969448053754	10.979774055853563	
ד	27.865261346477560	69.963496942646643	 2.171241710875800	
ה	28.678008266667192	69.083670678103942	 2.238321055228861	
ו	 5.772380759236185	82.751682435983142	11.475936804780675	
ז	24.948344805076228	71.886201844201892	 3.165453350721879	
ח	32.979386948960162	58.832004957470694	 8.188608093569146	
ט	19.018256472798814	65.725854752231427	15.255888774969753	
י	 0.804410644472844	73.751597489344817	25.443991866182330	
ך	31.884029911407470	56.959903255819668	11.156066832772860	
כ	 8.881624566374423	89.138950321050771	 1.979425112574811	
ל	33.002988358386261	58.487929506230770	 8.509082135382959	
ם	28.206350071682007	67.860412192625674	 3.933237735692317	
מ	13.097964785023272	76.375893332999254	10.526141881977471	
ן	70.795425353422360	29.079953710601146	 0.124620935976491	
נ	11.819715293727642	87.427949788895191	 0.752334917377174	
ס	34.662689904154526	60.519150768779660	 4.818159327065809	
ע	17.628667047910497	78.704714947063096	 3.666618005026418	
ף	20.954998289753355	71.644518632670156	 7.400483077576488	
פ	53.744514885662618	45.023221206770899	 1.232263907566485	
ץ	30.619690401603521	53.109470058228190	16.270839540168286	
צ	17.759318099873806	81.808719803497382	 0.431962096628808	
ק	38.991812320975107	60.759862110428230	 0.248325568596671	
ר	12.210523390984523	86.632325217709607	 1.157151391305871	
ש	 3.401212603550205	96.518430432616597	 0.080356963833197	
ת	 0.019902477858493	95.601552393272954	 4.378545128868544	
	 0.008208408549826	84.919387541532586	15.072404049917591	
	 0.004226619640646	99.078596918339116	 0.917176462020246	
‎	84.514430574052128	14.379190183729850	 1.106379242218027	
‏	 5.946670892965007	86.824415245773196	 7.228913861261789	
	20.377734340467750	57.427406759849518	22.194858899682732	

אא	 5.872931126534970	92.124933262146286	 2.002135611318740	
אב	 7.217209225253453	92.035109390456398	 0.747681384290155	
אג	 3.523487341087786	96.309065912847373	 0.167446746064847	
אד	 4.143750787186700	94.202632352323775	 1.653616860489525	
אה	 3.019418376208906	87.713850875639764	 9.266730748151334	
או	 0.020489244747230	99.819438530665039	 0.160072224587734	
אז	 0.153982106217312	99.635145846844694	 0.210872046937994	
אח	 0.466574815580241	93.494933838514299	 6.038491345905451	
אט	 1.971738416036806	97.395662175484716	 0.632599408478475	
אי	 2.625392134741500	89.172350042579822	 8.202257822678671	
אך	 1.576397275393528	49.571188346632802	48.852414377973673	
אכ	 3.273961724971796	95.743678435625370	 0.982359839402840	
אל	 2.154257089098488	74.366715268408669	23.479027642492845	
אם	 6.097647605256687	92.924346329335265	 0.978006065408049	
אמ	 3.394531765949016	85.880332849029202	10.725135385021794	
אן	 5.203644920326590	94.574206556013536	 0.222148523659871	
אנ	 6.430937635028086	92.698753681191221	 0.870308683780694	
אס	 0.779296592187879	88.603913243253402	10.616790164558708	
אע	 0.797631908556247	98.870687693591279	 0.331680397852482	
אף	12.901169558228478	86.561166232470484	 0.537664209301037	
אפ	15.211177131845192	84.303838124297414	 0.484984743857395	
אץ	14.437296277234518	73.795676788471425	11.767026934294048	
אצ	 0.259830244240430	99.295571337837060	 0.444598417922513	
אק	 0.022077724102041	99.950062290721576	 0.027859985176385	
אר	 0.293863960042525	91.380157663530781	 8.325978376426695	
אש	 0.669132481506389	99.272024209818426	 0.058843308675185	
את	 0.000000000000000	100.000000000000000	 0.000000000000000	
א	 0.000000000000000	100.000000000000000	 0.000000000000000	
א	 0.000000000000000	100.000000000000000	 0.000000000000000	
א‎	16.990881458966562	69.027355623100306	13.981762917933130	
א‏	 0.012077456755995	98.147452327594308	 1.840470215649700	
א	 0.556484674471265	95.067118563795944	 4.376396761732799	
בא	43.326683317886449	52.329861711096100	 4.343454971017453	
בב	 0.236702868281816	99.637983848510160	 0.125313283208020	
בג	 0.461839895502892	99.538160104497109	 0.000000000000000	
בד	 0.956284153005465	97.950819672131146	 1.092896174863388	
בה	13.115519253208868	85.577596266044338	 1.306884480746791	
בו	58.298086816757596	40.922425146154005	 0.779488037088394	
בז	13.869030597655133	86.130969402344874	 0.000000000000000	
בח	 7.434944237918216	92.416356877323423	 0.148698884758364	
בט	14.085946763707732	85.845054585599215	 0.068998650693053	
בי	100.000000000000000	 0.000000000000000	 0.000000000000000	
בך	 0.004012519059466	99.983949923762140	 0.012037557178397	
בכ	42.603832930033029	57.380846164591581	 0.015320905375385	
בל	 0.079400088222320	99.920599911777671	 0.000000000000000	
בם	 0.074681637330518	99.504268441857775	 0.421049920811712	
במ	47.789666539287076	48.489301900336784	 3.721031560376139	
בן	 5.405405405405405	91.891891891891902	 2.702702702702703	
בנ	32.608863869382702	67.364053160002328	 0.027082970614977	
בס	 0.020633142722396	99.955786122737720	 0.023580734539881	
בע	 0.440806045340050	99.496221662468514	 0.062972292191436	
בף	65.500912848706150	33.735426360103361	 0.763660791190495	
בפ	10.000000000000000	90.000000000000000	 0.000000000000000	
בץ	 4.959505719295316	95.040494280704678	 0.000000000000000	
בצ	 0.059952038369305	99.880095923261393	 0.059952038369305	
בק	 0.058343057176196	99.941656942823812	 0.000000000000000	
בר	 0.031210986267166	99.968789013732845	 0.000000000000000	
בש	 0.000000000000000	99.995136659857991	 0.004863340142010	
בת	 0.126149588996500	99.833156995198181	 0.040693415805323	
ב	71.833572779037297	10.839969993162649	17.326457227800063	
ב	42.934909401975268	57.002877362158799	 0.062213235865930	
ב‎	82.764175257731949	16.430412371134022	 0.805412371134021	
ב‏	69.503239740820732	30.496760259179268	 0.000000000000000	
ב	 2.212607481242127	97.760008762801903	 0.027383755955967	
גא	17.608775630684288	80.332879240013199	 2.058345129302518	
גב	85.300353356890454	14.664310954063604	 0.035335689045936	
גג	88.777520774436738	 6.433650304120621	 4.788828921442645	
גד	23.110606552059682	75.008108984755111	 1.881284463185209	
גה	62.394629177077896	37.583404267003488	 0.021966555918614	
גו	29.753622398624309	69.369095842729379	 0.877281758646311	
גז	64.231354642313548	35.768645357686452	 0.000000000000000	
גח	96.336498082892092	 3.650721197735987	 0.012780719371919	
גט	24.457079296351516	75.491389779595323	 0.051530924053159	
גי	 0.000000000000000	100.000000000000000	 0.000000000000000	
גך	22.423535192236827	77.566228555050571	 0.010236252712607	
גכ	23.055426176059619	76.802840672906939	 0.141733151033450	
גל	92.535225342260418	 7.414809633256721	 0.049965024482862	
גם	22.546475534093457	77.450105051994086	 0.003419413912455	
גמ	34.715980274556848	61.462748234039722	 3.821271491403438	
גן	97.521043381740824	 2.462306909629082	 0.016649708630099	
גנ	64.129114502531536	35.833002609710043	 0.037882887758415	
גס	79.993577076717884	19.969065104192268	 0.037357819089846	
גע	36.982259365149183	63.001246242944063	 0.016494391906752	
גף	 2.278414080277980	97.334453813251258	 0.387132106470772	
גפ	 0.000000000000000	99.275362318840578	 0.724637681159420	
גץ	98.887900355871878	 1.112099644128114	 0.000000000000000	
גצ	 8.275576704251577	91.703734353987798	 0.020688941760629	
גק	54.132875857766685	45.843730505302560	 0.023393636930755	
גר	 0.317091216573301	99.682287035943219	 0.000621747483477	
גש	 0.097783572359844	99.902216427640155	 0.000000000000000	
גת	73.253731343283576	 5.134328358208955	21.611940298507463	
ג	57.980558219679111	24.781279971390020	17.238161808930865	
ג	 7.240846447380870	92.289255416443282	 0.469898136175849	
ג‎	59.288537549407117	40.052700922266141	 0.658761528326746	
ג‏	10.414201183431953	88.875739644970423	 0.710059171597633	
ג	 5.552037427142433	94.419530351396403	 0.028432221461158	
דא	19.463096032774441	79.425225673311431	 1.111678293914129	
דב	 4.073319755600814	95.315682281059068	 0.610997963340122	
דג	63.666719669263792	36.317379551598030	 0.015900779138178	
דד	27.412632253927544	45.062520038473870	27.524847707598589	
דה	22.448141145859090	77.546152763459716	 0.005706090681193	
דו	57.443120712518137	41.579568354337859	 0.977310933143997	
דז	73.864689527340133	25.857275254865613	 0.278035217794254	
דח	17.241379310344829	82.327586206896555	 0.431034482758621	
דט	14.655330947362465	85.013650959811002	 0.331018092826527	
די	14.285714285714285	85.714285714285708	 0.000000000000000	
דך	 0.020880314039923	99.962415434728129	 0.016704251231939	
דכ	46.826071531371113	52.905501743769619	 0.268426724859260	
דל	23.640552995391705	52.995391705069125	23.364055299539171	
דם	24.624216330538559	75.326686305612213	 0.049097363849233	
דמ	42.359701011549511	32.196699216090757	25.443599772359732	
דן	57.812500000000000	39.062500000000000	 3.125000000000000	
דנ	57.824793252754922	42.054544335228087	 0.120662412016991	
דס	 0.093356153726466	99.502100513458842	 0.404543332814688	
דע	 0.162390386489120	99.707697304319581	 0.129912309191296	
דף	44.837587627762616	54.175630117193776	 0.986782255043613	
דפ	 0.105932203389831	99.894067796610159	 0.000000000000000	
דץ	12.584269662921349	86.516853932584269	 0.898876404494382	
דצ	 3.225806451612903	93.548387096774192	 3.225806451612903	
דק	 0.000000000000000	100.000000000000000	 0.000000000000000	
דר	 0.385356454720617	99.614643545279378	 0.000000000000000	
דש	 0.000000000000000	 0.000000000000000	 0.000000000000000	
דת	13.793103448275861	79.310344827586206	 6.896551724137931	
ד	44.592030360531311	52.751423149905122	 2.656546489563568	
ד	35.388739946380696	64.611260053619304	 0.000000000000000	
ד‎	74.249422632794463	23.441108545034641	 2.309468822170901	
ד‏	82.614436619718319	17.297535211267608	 0.088028169014085	
ד	87.441860465116278	12.558139534883722	 0.000000000000000	
הא	35.314820604016873	53.493365859158395	11.191813536824736	
הב	 0.077649799404685	99.870583667658863	 0.051766532936457	
הג	70.022448719039915	29.967975997957275	 0.009575283002809	
הד	 0.172380769967439	99.712698716720936	 0.114920513311626	
הה	 0.097425191370912	99.819067501739738	 0.083507306889353	
הו	31.782055502837114	61.215407556597015	 7.002536940565873	
הז	63.848838974047652	35.515903128590942	 0.635257897361403	
הח	10.946581787987823	88.970384721837803	 0.083033490174370	
הט	 9.084139063489543	90.190549079229385	 0.725311857281071	
הי	 0.000000000000000	100.000000000000000	 0.000000000000000	
הך	 0.008641100530564	99.979261358726646	 0.012097540742789	
הכ	61.976525049643961	38.020945322084920	 0.002529628271126	
הל	15.036357888080937	84.780271893771726	 0.183370218147328	
הם	 8.828550676235873	91.166544832885307	 0.004904490878815	
המ	49.190074545456461	43.192116915661941	 7.617808538881595	
הן	 0.071787508973439	99.912829453389392	 0.015383037637165	
הנ	59.146996072675883	40.561851957546850	 0.291151969777270	
הס	 0.012289994715302	99.985252006341639	 0.002457998943060	
הע	 0.005930670462296	99.988138659075403	 0.005930670462296	
הף	43.960738111931072	54.163986324835747	 1.875275563233179	
הפ	 0.000000000000000	100.000000000000000	 0.000000000000000	
הץ	 2.312785601044484	97.603282663433745	 0.083931735521776	
הצ	 0.002931261908252	99.995603107137626	 0.001465630954126	
הק	 0.008617718028266	99.991382281971724	 0.000000000000000	
הר	 0.046891747052519	99.953108252947473	 0.000000000000000	
הש	86.134453781512605	13.865546218487395	 0.000000000000000	
הת	 1.148188015787585	98.170075349838541	 0.681736634373879	
ה	19.609231697973019	79.076598017135296	 1.314170284891685	
ה	 9.637488947833775	90.331445503859300	 0.031065548306928	
ה‎	70.799846919249916	24.033677765021050	 5.166475315729048	
ה‏	55.277325654188061	35.557781394766494	 9.164892951045449	
ה	15.094841171891318	83.845671862836312	 1.059486965272372	
וא	 0.032408907819806	99.805546553081157	 0.162044539099032	
וב	 0.021379298825809	99.750797548061669	 0.227823153112525	
וג	 3.499042049006756	95.785560694303257	 0.715397256689986	
וד	39.468356419368092	60.192605216718640	 0.339038363913264	
וה	 5.268253833172498	93.723215160239377	 1.008531006588127	
וו	38.357001296398394	14.522642268548184	47.120356435053424	
וז	 3.816646082351217	93.488727470641180	 2.694626447007598	
וח	 1.187111581510214	83.005540112508086	15.807348305981694	
וט	 0.082716095800278	95.473173666202953	 4.444110237996767	
וי	16.075466184501305	52.809891695432206	31.114642120066481	
וך	 0.623750702564731	97.326239366445094	 2.050009930990183	
וכ	 0.822989621402546	97.473331098190087	 1.703679280407364	
ול	14.414717393140601	67.477451829976005	18.107830776883393	
ום	 0.031198735309803	99.753327072448911	 0.215474192241280	
ומ	 0.013440860215054	99.642137096774192	 0.344422043010753	
ון	 1.085692864701221	98.895801006923193	 0.018506128375589	
ונ	 0.240085483958232	99.632695509988153	 0.127219006053611	
וס	11.994577244891772	87.360357424361851	 0.645065330746377	
וע	 0.028552355899829	88.493532759201855	11.477914884898317	
וף	 0.295380252845496	99.633728486471583	 0.070891260682919	
ופ	 5.792230125850074	92.261392949269123	 1.946376924880794	
וץ	 6.907410289874161	71.321495707563557	21.771094002562290	
וצ	 0.017786473386989	99.804348792743113	 0.177864733869892	
וק	 0.004535661639642	98.807498960577547	 1.187965377782817	
ור	 0.248964738361149	99.733969130380217	 0.017066131258627	
וש	64.358048296862819	35.629204730543165	 0.012746972594009	
ות	66.666666666666657	 0.000000000000000	33.333333333333329	
ו	 0.000000000000000	100.000000000000000	 0.000000000000000	
ו	33.333333333333329	66.666666666666657	 0.000000000000000	
ו‎	 0.000000000000000	100.000000000000000	 0.000000000000000	
ו‏	12.083234001975276	47.498552600211156	40.418213397813574	
ו	 0.626259325818221	95.281272123291401	 4.092468550890378	
זא	20.482673499476657	78.598198509136878	 0.919127991386458	
זב	 0.888223552894212	99.111776447105797	 0.000000000000000	
זג	36.676217765042978	57.020057306590253	 6.303724928366762	
זד	40.227434257285005	59.535655058043112	 0.236910684671879	
זה	 7.967355648418087	92.026093019555717	 0.006551332026187	
זו	33.788044257102335	39.723911979956810	26.488043762940855	
זז	12.581852198316184	86.856875584658553	 0.561272217025257	
זח	 0.000000000000000	79.132231404958674	20.867768595041323	
זט	40.449571763845285	58.998140754061389	 0.552287482093328	
זי	 1.391035548686244	97.372488408037100	 1.236476043276661	
זך	 0.083567575780597	99.893641267188329	 0.022791157031072	
זכ	 1.339031339031339	97.635327635327641	 1.025641025641026	
זל	31.491997934950955	62.209602478058855	 6.298399586990191	
זם	 0.253514137458602	99.731382892650245	 0.015102969891151	
זמ	14.053716427232979	80.547314178638345	 5.398969394128669	
זן	 2.189781021897810	96.350364963503651	 1.459854014598540	
זנ	44.147262429200758	52.863436123348016	 2.989301447451227	
זס	 4.547050561797753	95.294943820224717	 0.158005617977528	
זע	 2.796052631578947	95.449561403508781	 1.754385964912281	
זף	40.055042131013863	58.477167708616470	 1.467790160369666	
זפ	 2.325581395348837	95.348837209302332	 2.325581395348837	
זץ	70.000000000000000	30.000000000000000	 0.000000000000000	
זצ	 0.186567164179104	91.977611940298516	 7.835820895522389	
זק	 0.009134088417976	99.990865911582034	 0.000000000000000	
זר	 0.000000000000000	100.000000000000000	 0.000000000000000	
זש	 0.000000000000000	100.000000000000000	 0.000000000000000	
זת	14.285714285714285	71.428571428571431	14.285714285714285	
ז	63.793103448275865	34.482758620689658	 1.724137931034483	
ז	 0.236499802916831	99.605833661805278	 0.157666535277887	
ז‎	11.600000000000001	84.799999999999997	 3.600000000000000	
ז‏	97.981497056349880	 1.878329128118867	 0.140173815531259	
ז	21.052631578947366	57.894736842105267	21.052631578947366	
חא	56.863810887622378	28.692481051736412	14.443708060641205	
חב	 0.198915437258756	99.642425821118181	 0.158658741623055	
חג	19.730795284531450	80.213648347685393	 0.055556367783155	
חד	 0.134281312281793	99.864305200220500	 0.001413487497703	
חה	27.027364177078759	72.706678376112734	 0.265957446808511	
חו	58.047102790240025	41.883389451069249	 0.069507758690727	
חז	 0.170889805539187	99.752504419563934	 0.076605774896877	
חח	 0.552595223998421	97.138346161436743	 2.309058614564831	
חט	 9.082010555314490	90.626355994631524	 0.291633450053987	
חי	40.000000000000000	40.000000000000000	20.000000000000000	
חך	 0.009605532786885	99.987192622950815	 0.003201844262295	
חכ	37.770100665062230	62.211784799316824	 0.018114535620940	
חל	 5.884321415663861	94.100954395170461	 0.014724189165674	
חם	35.718346288039008	64.278959492409044	 0.002694219551951	
חמ	19.347821774977355	79.220744874278495	 1.431433350744147	
חן	 7.692307692307693	92.307692307692307	 0.000000000000000	
חנ	14.805085929858880	85.169763867542272	 0.025150202598854	
חס	 0.020288090890647	99.979711909109341	 0.000000000000000	
חע	 0.393545848091303	99.606454151908693	 0.000000000000000	
חף	14.095406832921039	85.680617770943371	 0.223975396135589	
חפ	 0.000000000000000	100.000000000000000	 0.000000000000000	
חץ	 0.000000000000000	100.000000000000000	 0.000000000000000	
חצ	 0.000000000000000	100.000000000000000	 0.000000000000000	
חק	 0.026315789473684	99.947368421052630	 0.026315789473684	
חר	 0.265721877767936	99.734278122232070	 0.000000000000000	
חש	 0.000000000000000	100.000000000000000	 0.000000000000000	
חת	 0.517439632042928	97.393637408968956	 2.088922958988118	
ח	 1.481041325649707	97.095096082696145	 1.423862591654147	
ח	 0.265453166477057	99.691207541036903	 0.043339292486050	
ח‎	11.562500000000000	85.937500000000000	 2.500000000000000	
ח‏	10.784313725490197	87.076648841354725	 2.139037433155080	
ח	 3.078003949567067	96.654260975239254	 0.267735075193681	
טא	 1.243244445432911	98.423147921624448	 0.333607632942642	
טב	13.414976084446645	86.524822695035468	 0.060201220517895	
טג	 3.005683562730142	96.358146182205346	 0.636170255064512	
טד	15.807040457041602	80.927067341841763	 3.265892201116636	
טה	12.019227783401751	85.542520354993570	 2.438251861604675	
טו	 2.225428121076114	96.190323528626010	 1.584248350297881	
טז	 0.569595673374279	99.269306560418855	 0.161097766206867	
טח	43.471939431371212	30.501221951990733	26.026838616638049	
טט	21.705137751303052	64.687267311988080	13.607594936708860	
טי	 0.196114806667903	99.000874566029736	 0.803010627302361	
טך	 0.446509862456497	98.764083269857636	 0.789406867685868	
טכ	10.195146195293455	87.923603459565214	 1.881250345141330	
טל	23.302148302148300	61.603586904791726	15.094264793059974	
טם	 9.284495117472561	90.377876420505615	 0.337628462021831	
טמ	10.531402728134802	88.988985338099056	 0.479611933766139	
טן	 2.433829651286619	95.620268360214538	 1.945901988498848	
טנ	 3.669296506334262	90.024172340002679	 6.306531153663057	
טס	19.850338300327007	80.020648220720688	 0.129013478952307	
טע	 1.352775176613730	98.387448162516478	 0.259776660869787	
טף	21.029766693483506	77.972646822204339	 0.997586484312148	
טפ	 2.187019742286322	91.973046459392364	 5.839933798321314	
טץ	30.145423860353677	27.030606148331103	42.823969991315217	
טצ	 0.052379652176820	98.600237380125819	 1.347382967697357	
טק	 0.028491304046986	99.872603169047053	 0.098905526905966	
טר	 0.562601061057583	99.334500407585097	 0.102898531357325	
טש	 8.996948518554976	90.800275617678906	 0.202775863766119	
טת	50.000000000000000	 0.000000000000000	50.000000000000000	
ט	 6.250000000000000	90.625000000000000	 3.125000000000000	
ט	11.538461538461538	80.769230769230774	 7.692307692307693	
ט‎	 0.824652777777778	99.045138888888886	 0.130208333333333	
ט‏	45.794392523364486	39.781931464174455	14.423676012461058	
ט	 0.031114297696189	98.885296465145217	 1.083589237158588	
יא	 3.254067584480601	95.869837296620773	 0.876095118898623	
יב	 0.121654501216545	90.571776155717771	 9.306569343065693	
יג	 0.000000000000000	100.000000000000000	 0.000000000000000	
יד	 0.000000000000000	100.000000000000000	 0.000000000000000	
יה	 0.028620492272467	99.958170049755623	 0.013209457971908	
יו	14.360143275805925	85.542168674698786	 0.097688049495278	
יז	 3.614457831325301	93.975903614457835	 2.409638554216868	
יח	 0.000000000000000	100.000000000000000	 0.000000000000000	
יט	27.108433734939759	65.060240963855421	 7.831325301204820	
יי	 0.000000000000000	92.307692307692307	 7.692307692307693	
יך	 0.008561277342580	99.944351697273234	 0.047087025384187	
יכ	 0.000000000000000	99.937701173294570	 0.062298826705430	
יל	 0.022233750833766	99.970354998888311	 0.007411250277922	
ים	 0.002209749414416	99.980112255270242	 0.017677995315331	
ימ	32.645803698435280	67.069701280227605	 0.284495021337127	
ין	 0.000000000000000	100.000000000000000	 0.000000000000000	
ינ	 0.042265426880811	99.830938292476759	 0.126796280642434	
יס	 0.009059694325913	99.941111986881566	 0.049828318792524	
יע	 0.014474107430042	99.974268253457694	 0.011257639112255	
יף	13.572854291417165	85.628742514970057	 0.798403193612774	
יפ	 0.000000000000000	100.000000000000000	 0.000000000000000	
יץ	 0.061881188118812	99.504950495049499	 0.433168316831683	
יצ	 0.000000000000000	99.992210624707894	 0.007789375292102	
יק	 0.003738317757009	99.970093457943918	 0.026168224299065	
יר	 0.060608221326964	99.939391778673041	 0.000000000000000	
יש	 0.000000000000000	100.000000000000000	 0.000000000000000	
ית	 0.000000000000000	 0.000000000000000	 0.000000000000000	
י	 1.980198019801980	98.019801980198025	 0.000000000000000	
י	100.000000000000000	 0.000000000000000	 0.000000000000000	
י‎	58.823529411764710	38.235294117647058	 2.941176470588235	
י‏	 0.000000000000000	93.333333333333329	 6.666666666666667	
י	 0.759013282732448	90.322580645161281	 8.918406072106261	
ךא	50.554125224999289	48.912860594093353	 0.533014180907362	
ךב	 2.702702702702703	96.257796257796258	 1.039501039501040	
ךג	24.201223657375934	75.743868639857766	 0.054907702766302	
ךד	 7.521367521367521	85.299145299145295	 7.179487179487179	
ךה	 2.039151712887439	97.389885807504072	 0.570962479608483	
ךו	33.601232811759132	65.988620199146524	 0.410146989094357	
ךז	 2.990033222591362	96.706217370669208	 0.303749406739440	
ךח	 9.338428469070934	81.776928588488175	 8.884642942440889	
ךט	 8.572119334203364	91.303790067324698	 0.124090598471934	
ךי	33.333333333333329	66.666666666666657	 0.000000000000000	
ךך	 0.121432908318154	99.708561020036441	 0.170006071645416	
ךכ	34.165446247895922	65.812677365840017	 0.021876386264060	
ךל	 3.455284552845529	94.173441734417338	 2.371273712737128	
ךם	36.668303816485135	62.788547655505155	 0.543148528009707	
ךמ	41.016297883052076	58.020364950173494	 0.963337166774431	
ךן	10.022271714922049	81.069042316258361	 8.908685968819599	
ךנ	53.639525880319169	46.337783371190234	 0.022690748490597	
ךס	 9.545283727921834	90.035969291888122	 0.418746980190047	
ךע	41.216206206947632	58.331975409228946	 0.451818383823420	
ךף	42.687871709187988	57.178187270574576	 0.133941020237437	
ךפ	 0.000000000000000	99.738219895287955	 0.261780104712042	
ךץ	26.086956521739129	72.408026755852845	 1.505016722408027	
ךצ	 0.000000000000000	100.000000000000000	 0.000000000000000	
ךק	 0.206185567010309	98.556701030927840	 1.237113402061856	
ךר	 2.490200599492737	97.394512335715930	 0.115287064791330	
ךש	 0.000000000000000	100.000000000000000	 0.000000000000000	
ךת	47.860962566844925	 8.689839572192513	43.449197860962570	
ך	31.893687707641195	62.624584717607981	 5.481727574750830	
ך	53.550295857988161	46.449704142011832	 0.000000000000000	
ך‎	79.498269896193776	15.051903114186851	 5.449826989619377	
ך‏	51.329787234042556	30.452127659574469	18.218085106382979	
ך	12.403100775193799	87.596899224806208	 0.000000000000000	
כא	 7.848319362726512	91.108950843271046	 1.042729794002439	
כב	32.925718745934695	67.035254325484587	 0.039026928580721	
כג	 0.144267274107821	99.848139711465450	 0.007593014426727	
כד	 3.828768148480767	96.168238287681490	 0.002993563837749	
כה	 0.005091131249364	99.842174931269724	 0.152733937480908	
כו	16.094053253714353	83.568470172895601	 0.337476573390039	
כז	 4.956296379762729	95.032435651851983	 0.011267968385300	
כח	 0.168020162419490	99.635956314757763	 0.196023522822739	
כט	21.435463519631856	66.122910458156298	12.441626022211851	
כי	 8.333333333333332	91.666666666666657	 0.000000000000000	
כך	 0.007795751315533	99.966218410966022	 0.025985837718443	
ככ	 0.227593507410021	99.728299223712071	 0.044107268877911	
כל	 0.080469019427520	99.862053109552818	 0.057477871019657	
כם	 0.044541494204174	99.908744255776810	 0.046714250019012	
כמ	 7.085474133213113	92.446033419778118	 0.468492447008768	
כן	 0.066711140760507	99.924949966644434	 0.008338892595063	
כנ	 3.773584905660377	96.226415094339629	 0.000000000000000	
כס	 0.003020748768101	99.996979251231892	 0.000000000000000	
כע	 0.027072391575072	99.951269695164868	 0.021657913260057	
כף	19.418755611030829	80.289220479720186	 0.292023909248981	
כפ	 0.000000000000000	81.750000000000000	18.250000000000000	
כץ	 0.405222872579919	99.594777127420087	 0.000000000000000	
כצ	 0.000000000000000	99.523809523809518	 0.476190476190476	
כק	 0.019274631372675	99.980725368627319	 0.000000000000000	
כר	 0.069613644274278	99.930386355725716	 0.000000000000000	
כש	 0.000000000000000	100.000000000000000	 0.000000000000000	
כת	 6.775700934579438	85.514018691588788	 7.710280373831775	
כ	 0.974624821842775	98.814381130704518	 0.210994047452701	
כ	 1.586518761700760	96.956268908305304	 1.457212329993939	
כ‎	21.563981042654028	74.960505529225912	 3.475513428120063	
כ‏	65.026737515441752	34.537085610816845	 0.436176873741391	
כ	 1.046409902098075	72.047717528061412	26.905872569840518	
לא	41.113712412347233	57.920084011156327	 0.966203576496449	
לב	 0.290035218562254	99.482079966853121	 0.227884814584628	
לג	 0.370256093798210	99.352051835853132	 0.277692070348658	
לד	92.684320823013906	 7.191846065917318	 0.123833111068775	
לה	 1.993355481727575	96.843853820598000	 1.162790697674419	
לו	37.814787585862184	61.953981991687343	 0.231230422450460	
לז	40.154772141014618	59.845227858985382	 0.000000000000000	
לח	10.400368154624942	89.553612517257250	 0.046019328117809	
לט	52.002246799788452	46.729165366435311	 1.268587833776233	
לי	 0.000000000000000	100.000000000000000	 0.000000000000000	
לך	 0.130597800901546	99.856763702237018	 0.012638496861440	
לכ	 9.915209161165169	90.083226432214261	 0.001564406620569	
לל	 1.116625310173697	97.714509599059681	 1.168865090766619	
לם	57.620763137563422	42.352917870595455	 0.026318991841113	
למ	59.000517681500916	40.955874664973365	 0.043607653525717	
לן	 0.130431797899362	99.838676460492891	 0.030891741607744	
לנ	52.955968112995556	46.851425819913331	 0.192606067091113	
לס	 4.575996292863763	95.334221501390175	 0.089782205746061	
לע	 2.011888431641518	97.896662094192948	 0.091449474165524	
לף	37.475343468710967	22.527671303673717	39.996985227615319	
לפ	 0.026616981634283	99.920149055097156	 0.053233963268565	
לץ	32.863436123348016	66.872246696035248	 0.264317180616740	
לצ	 0.933864053888549	99.050826699326393	 0.015309246785058	
לק	19.769762087490406	80.230237912509594	 0.000000000000000	
לר	11.779448621553884	88.220551378446117	 0.000000000000000	
לש	24.121328839672604	75.878671160327400	 0.000000000000000	
לת	23.486682808716708	31.476997578692494	45.036319612590795	
ל	39.081666875573788	32.520063552934239	28.398269571491969	
ל	 1.593625498007968	97.802339030972888	 0.604035471019149	
ל‎	88.878504672897193	10.116822429906543	 1.004672897196262	
ל‏	65.706188001889458	34.199338686820973	 0.094473311289561	
ל	23.979733757202464	56.358036956089805	19.662229286707731	
םא	49.310459999335912	22.641983362598854	28.047556638065235	
םב	 0.046175157765122	99.953824842234866	 0.000000000000000	
םג	 0.210341805433830	99.421560035056970	 0.368098159509202	
םד	 0.712323438601609	99.229329249021475	 0.058347312376924	
םה	 0.068134477992564	99.824797056590555	 0.107068465416886	
םו	51.030716881906081	17.852794294146797	31.116488823947126	
םז	 2.731847591660676	97.106398274622578	 0.161754133716751	
םח	 0.318109520563508	99.397864121790505	 0.284026357645990	
םט	20.718069664226125	67.671765262081223	11.610165073692649	
םי	 0.000000000000000	100.000000000000000	 0.000000000000000	
םך	 0.048914704983186	99.908284928156533	 0.042800366860287	
םכ	 1.245551601423488	98.754448398576514	 0.000000000000000	
םל	 1.098901098901099	97.655677655677650	 1.245421245421245	
םם	 0.012879647741634	99.932864836146734	 0.054255516111634	
םמ	20.986099996133355	65.171485717432603	13.842414286434051	
םן	 5.201342281879195	87.416107382550337	 7.382550335570470	
םנ	53.436356242374949	46.492476616510778	 0.071167141114274	
םס	 0.053697945051774	99.909434809091778	 0.036867245856442	
םע	 0.017526213118752	99.922275054864656	 0.060198732016581	
םף	13.661953949545552	78.112609865694850	 8.225436184759602	
םפ	 0.111093477225837	99.761942548801770	 0.126963973972385	
םץ	 0.177304964539007	99.645390070921991	 0.177304964539007	
םצ	 0.004077513532248	99.988786837786307	 0.007135648681434	
םק	 0.011071009454642	99.988928990545361	 0.000000000000000	
םר	 0.016840687100034	99.966318625799929	 0.016840687100034	
םש	 0.000000000000000	100.000000000000000	 0.000000000000000	
םת	11.403508771929824	67.105263157894740	21.491228070175438	
ם	 1.546321312558185	98.287843804892773	 0.165834882549046	
ם	 1.322494540160155	98.383887405969432	 0.293618053870420	
ם‎	43.465491923641700	50.367107195301031	 6.167400881057269	
ם‏	 6.911507520111927	89.779643231899257	 3.308849247988807	
ם	 0.815956025114098	93.709876698857769	 5.474167276028139	
מא	 3.029241814043075	95.079670810716166	 1.891087375240764	
מב	39.566946562452408	57.151036299095381	 3.282017138452203	
מג	 0.770404205876299	99.102016920245987	 0.127578873877717	
מד	 4.566945422662853	91.397875448173323	 4.035179129163819	
מה	16.493510777627897	77.661151771218471	 5.845337451153634	
מו	 0.005708251277221	91.418595579910772	 8.575696168812017	
מז	 3.450580870549546	96.113461266351479	 0.435957863098985	
מח	 4.650893623588191	94.736960554532104	 0.612145821879712	
מט	 0.058120225838592	92.591227997343069	 7.350651776818333	
מי	 1.299594154044044	66.236610410059654	32.463795435896294	
מך	20.327395183689248	78.586798384389212	 1.085806431921539	
מכ	 1.074157951176148	98.379179115121445	 0.546662933702404	
מל	 0.693509467133871	90.739598660929104	 8.566891871937015	
מם	42.185742146293173	31.841928242603608	25.972329611103223	
ממ	 0.192184497117233	99.668252951404781	 0.139562551477990	
מן	30.390893769934678	69.279705280164904	 0.329400949900414	
מנ	 2.681119938202430	96.016864265031629	 1.302015796765938	
מס	13.532532779709202	86.121041796256364	 0.346425424034422	
מע	33.970277842183833	48.919450945949627	17.110271211866539	
מף	 1.311227664681305	94.986220997421995	 3.702551337896702	
מפ	22.764790320926895	77.132677124987183	 0.102532554085922	
מץ	17.484160257894150	80.318423827773344	 2.197415914332502	
מצ	13.171078344288507	86.807603481968371	 0.021318173743116	
מק	15.581507740240511	84.284561163581031	 0.133931096178465	
מר	 4.140299829903138	95.708199106307802	 0.151501063789058	
מש	13.056054085135299	86.544928647348883	 0.399017267515813	
מת	 0.000000000000000	 0.000000000000000	 0.000000000000000	
מ	 0.000000000000000	100.000000000000000	 0.000000000000000	
מ	 0.000000000000000	100.000000000000000	 0.000000000000000	
מ‎	 0.076914624766509	99.500054939017687	 0.423030436215800	
מ‏	 0.004640801930574	50.241321700389832	49.754037497679597	
מ	 0.065906741960126	85.173978819969747	14.760114438070133	
ןא	44.984214126340753	54.881374461234259	 0.134411412424991	
ןב	 0.779220779220779	24.935064935064936	74.285714285714292	
ןג	67.741935483870961	25.806451612903224	 6.451612903225806	
ןד	33.516483516483511	33.516483516483511	32.967032967032964	
ןה	 3.960396039603960	76.237623762376245	19.801980198019802	
ןו	58.224260349328993	41.755315561806952	 0.020424088864055	
ןז	54.166666666666664	43.055555555555557	 2.777777777777778	
ןח	47.126436781609193	12.643678160919542	40.229885057471265	
ןט	32.373172653382809	67.378622544997327	 0.248204801619863	
ןי	 0.000000000000000	100.000000000000000	 0.000000000000000	
ןך	 0.072846476051721	99.908941904935347	 0.018211619012930	
ןכ	57.514795867188283	42.472163707493223	 0.013040425318487	
ןל	12.643678160919542	75.862068965517238	11.494252873563218	
ןם	 1.595289783566870	98.404710216433131	 0.000000000000000	
ןמ	77.563299999233564	14.487957660087760	 7.948742340678677	
ןן	 0.558755265193845	99.286512507521707	 0.154732227284449	
ןנ	82.074681301886130	17.903921636736253	 0.021397061377610	
ןס	62.119516562220234	37.533572068039391	 0.346911369740376	
ןע	44.336596542386999	55.634242866069570	 0.029160591543428	
ןף	56.065700483091788	43.853692201518292	 0.080607315389924	
ןפ	66.488888888888880	32.355555555555554	 1.155555555555555	
ןץ	27.912621359223301	69.902912621359221	 2.184466019417476	
ןצ	 0.062163282221301	99.917115623704930	 0.020721094073767	
ןק	31.070460704607044	68.875338753387538	 0.054200542005420	
ןר	48.636363636363640	50.867768595041319	 0.495867768595041	
ןש	 0.000000000000000	100.000000000000000	 0.000000000000000	
ןת	61.764705882352942	38.235294117647058	 0.000000000000000	
ן	36.484957783424868	63.478973686367738	 0.036068530207394	
ן	63.405625939445997	36.594374060554003	 0.000000000000000	
ן‎	71.887235708692245	27.564604541895065	 0.548159749412686	
ן‏	25.379310344827587	74.620689655172413	 0.000000000000000	
ן	47.776019690576653	52.208157524613220	 0.015822784810127	
נא	30.623399211369616	69.256995818591179	 0.119604970039193	
נב	 0.013818835072203	99.651074414426859	 0.335106750500933	
נג	 5.848762187226790	94.120250993238230	 0.030986819534976	
נד	 0.056763041766612	99.873656455422704	 0.069580502810686	
נה	 0.327537209190309	99.587688454313366	 0.084774336496315	
נו	11.368388497818296	88.586864360881592	 0.044747141300117	
נז	 2.137359985776333	97.833430697721667	 0.029209316501994	
נח	 0.169613151542827	99.823863265705526	 0.006523582751647	
נט	 2.233201485112475	92.727025649736703	 5.039772865150816	
ני	13.333333333333334	86.666666666666671	 0.000000000000000	
נך	 0.116090085906664	99.406650672032598	 0.477259242060728	
נכ	 0.117735552866534	99.025411256827027	 0.856853190306439	
נל	 0.043323533962556	99.822064056939496	 0.134612409097942	
נם	 0.025740748540968	99.953198639016421	 0.021060612442610	
נמ	 8.782236762480146	90.504246662000142	 0.713516575519712	
נן	 0.159674264500419	99.680651470999166	 0.159674264500419	
ננ	 0.655151876116736	98.775726292105091	 0.569121831778175	
נס	 0.123166498712350	99.752422896527705	 0.124410604759950	
נע	 2.216865961309710	97.670443874037431	 0.112690164652852	
נף	23.947484375702533	75.623937772582167	 0.428577851715301	
נפ	 0.089020771513353	99.362017804154306	 0.548961424332344	
נץ	 0.019888623707239	99.689737470167060	 0.290373906125696	
נצ	 0.177272727272727	99.731818181818170	 0.090909090909091	
נק	 0.027682208249298	99.948590184679873	 0.023727607070827	
נר	 0.015976354994608	99.890162559412062	 0.093861085593322	
נש	 0.015625000000000	99.984375000000000	 0.000000000000000	
נת	 0.527704485488127	96.306068601583121	 3.166226912928760	
נ	 7.805486741902927	92.072300211028534	 0.122213047068538	
נ	 0.774190669552219	99.134334352200980	 0.091474978246804	
נ‎	30.198957839886308	69.256276646139270	 0.544765513974420	
נ‏	10.439625548050717	88.671643559663465	 0.888730892285816	
נ	10.037719266122240	89.011190223333628	 0.951090510544131	
סא	60.285997028214034	39.398886028719296	 0.315116943066680	
סב	80.476864966949961	18.248347497639283	 1.274787535410765	
סג	91.611192306459998	 8.159598563622787	 0.229209129917214	
סד	86.144578313253021	13.855421686746988	 0.000000000000000	
סה	98.619246861924680	 1.343561134356113	 0.037192003719200	
סו	37.688379623863497	38.594653205658894	23.716967170477606	
סז	47.053017484489565	 1.501692047377327	51.445290468133109	
סח	99.676225716928769	 0.231267345050879	 0.092506938020352	
סט	38.533350217779912	61.173037109461283	 0.293612672758811	
סי	 0.000000000000000	100.000000000000000	 0.000000000000000	
סך	30.594555792304273	69.387099347105277	 0.018344860590454	
סכ	46.582532287550862	53.403707416799350	 0.013760295649781	
סל	66.219770096725782	31.819465011812138	 1.960764891462080	
סם	26.371606784839130	73.621232854915192	 0.007160360245680	
סמ	65.589908251495388	27.369729450506874	 7.040362297997735	
סן	41.856385625361753	58.102234994262737	 0.041379380375512	
סנ	84.003580870319340	15.361374158985047	 0.635044970695612	
סס	 2.530536765779356	97.305627200025953	 0.163836034194689	
סע	21.675554577764832	78.212119991447764	 0.112325430787394	
סף	64.417369241747494	35.157121336258164	 0.425509421994344	
ספ	37.730919947751445	62.269080052248547	 0.000000000000000	
סץ	30.819035992239108	69.021822066229205	 0.159141941531687	
סצ	40.297585972710998	59.060319812310922	 0.642094214978082	
סק	53.404873789307992	46.595126210692008	 0.000000000000000	
סר	 9.106787929892187	90.893212070107808	 0.000000000000000	
סש	 0.289017341040462	99.710982658959537	 0.000000000000000	
סת	94.224765868886578	 1.647589316684010	 4.127644814429414	
ס	54.775911558245937	42.737374598573332	 2.486713843180720	
ס	 2.438431429752267	96.995113412588424	 0.566455157659300	
ס‎	91.140854047163799	 8.170809432759720	 0.688336520076482	
ס‏	40.023227655736484	24.935135535842250	35.041636808421259	
ס	 2.750211755848121	86.112999194804914	11.136789049346955	
עא	33.320040805767810	64.261521312591270	 2.418437881640928	
עב	 1.318799623200108	98.627371820750909	 0.053828556048984	
עג	11.168769244035934	88.821931057105218	 0.009299698858842	
עד	 0.261352499183273	99.477295001633451	 0.261352499183273	
עה	 0.003352891869237	99.936295054484489	 0.060352053646270	
עו	32.667589379821337	65.787557952224788	 1.544852667953875	
עז	20.614035087719298	77.339181286549703	 2.046783625730994	
עח	 0.324675324675325	99.582560296846012	 0.092764378478664	
עט	 6.539127392980859	88.841798073793115	 4.619074533226017	
עי	14.285714285714285	85.714285714285708	 0.000000000000000	
עך	 2.261682953724476	97.737556561085967	 0.000760485189551	
עכ	 1.828719591245329	98.166704796766567	 0.004575611988103	
על	 1.431475520921565	98.500762324241904	 0.067762154836524	
עם	 0.010352165327914	99.989264421141428	 0.000383413530663	
עמ	23.058548994111046	42.624261000481681	34.317190005407269	
ען	 0.321445636592676	99.622084184005914	 0.056470179401416	
ענ	24.790062643257272	72.925248485910842	 2.284688870831891	
עס	 0.124883021977495	99.811557588320397	 0.063559389702101	
עע	 0.349472151437932	99.352020385875505	 0.298507462686567	
עף	31.577271479549822	58.807210174764393	 9.615518345685791	
עפ	 2.010723860589812	97.855227882037525	 0.134048257372654	
עץ	 9.670816987890159	90.329183012109837	 0.000000000000000	
עצ	 0.166083131340336	99.694766136996137	 0.139150731663525	
עק	 0.057447419653401	99.942552580346600	 0.000000000000000	
ער	 0.856117094725214	97.956365644849484	 1.187517260425297	
עש	95.527522935779814	 4.456094364351245	 0.016382699868938	
עת	 4.172500700084010	91.767012041444971	 4.060487258471016	
ע	35.048616778609976	33.408464586955198	31.542918634434830	
ע	 1.945655943973374	97.986081899828051	 0.068262156198573	
ע‎	77.567846100996221	20.783236001374096	 1.648917897629680	
ע‏	51.584276354973198	47.540202501488984	 0.875521143537820	
ע	28.637579861300715	71.122153661333471	 0.240266477365806	
ףא	 3.336082165079842	94.216208111552589	 2.447709723367569	
ףב	28.786690417951714	69.559582048282465	 1.653727533765819	
ףג	48.494498694477564	51.451167423819363	 0.054333881703065	
ףד	18.752168500112251	80.831479478335410	 0.416352021552340	
ףה	15.433359245216311	83.810361278128170	 0.756279476655509	
ףו	17.016266738563854	82.947784667924864	 0.035948593511279	
ףז	34.062369253796426	56.047177649838829	 9.890453096364741	
ףח	35.300827609640073	64.013542703201225	 0.685629687158702	
ףט	29.446446118571895	63.732394366197184	 6.821159515230921	
ףי	35.923834827853426	60.644304217867820	 3.431860954278756	
ףך	16.182458325349682	79.137526346043302	 4.680015328607013	
ףכ	21.452787691555343	77.531069700517705	 1.016142607926947	
ףל	25.256547381262269	71.266263750896684	 3.477188867841050	
ףם	20.775532239513652	77.959298640940773	 1.265169119545572	
ףמ	41.181133571145459	57.530717399920725	 1.288149028933809	
ףן	23.967173934250315	75.615183884499075	 0.417642181250610	
